$ANSIBLE_VAULT;1.1;AES256
31383234343331623335653838393962653036386438626436656630303730386637613031383032
6133356339653163333635633332646538646637343966380a373234333030646439373839373166
33336361653165656538313365366266343664313062353132396631656464636533616464343434
3735306231303361390a383036623164343434653135393962646233626235393436613365323934
64393935343930666539303366623436313839346333306538626636613661376564323633353662
37316530616164626466373331643665326264646130636538363430656133316333343935356235
61396632616231326631343162383239386562343064393932313534623564376534643139316362
33356134303735323533643433653661636434343162303236313238353466346431653534333863
34653834303061313661313262653433396266306635656564366235386135653261393464653063
33666163356338393938383066353232643264656135393566656236623734663334336433616464
39623135346164393963346463393461626631303336326138646263363132643431393837613933
64646138626264343365333462653539343564373264393339333633363765626566343664373432
64613966663466313831383164626339653332356463346437346135633239313365343837656164
33383035636361333466636132373563323333353163353136396534366235643762626363383265
37626366386665383839306536643865326330656364663631313137303734353265373661313135
36363063653934633761643165613030646430326339373934376162376531623330623161653061
38306537613038383265656563616637383734366338646562316163623139643330316235343964
38363538623134343736623666663237616137353633643766363631616234626131656433326161
36323764363337663831363538653632616231363633316236616366653332646332363735613237
32326436353561303061653134366464616439653737386464396130393039633438303561643136
32666666313831613733363261646164623039656631646265383133343866646532396163613466
30313061383635303564393463316161386433383837383566663638646231613439343133333565
34306433383763626235353166616436306631356632323965343035613365356162636330333431
38306463323762313937373439383834373430303333663639313633383636396264396531643864
66333732376131613063316539383865356166323937636361383862383766616363
