$ANSIBLE_VAULT;1.1;AES256
66316437623138323739306534376436383839343265363936323036303033663735643631353936
3361626532343461626635323231336661656631636138370a356461306264383161393566353732
63653037653866313133306163343231313530326330303531363930306332663936643231653232
6430366166393062350a626339613935393737313766386562323338653261636634393935313266
30326132373261326536323136346231353036363731303930323730666134306332633835343862
38323165346266393066363335643033363434353365376335366634333938346534363331353534
36376362323864346361323936626235626665666336353935316164363165626536633135306531
65623533623830626236383330643666633235396465646665393937333238373238653564666162
66366664363638636163636332623566313831376331313365656661666464333830333434366533
30663864623139336137396465616166386363323933326261303931313364326465393634356633
33333437633339383134396234366337363636366265343338613835643936313066383234336233
37323636363834656232663766346131653237643337653666613263626536353763336139313238
66653734646265316265383231303630356339383534393634666235656661343564623463383130
66633139333464613333626132303039303264616632343135383034376432336436366263313737
36313161313464663432393033303261363338393963353333363731373539393536323034386266
62376630376663656430633663303233336536393632303332613736656636376632343666643334
62306338643835386638356236366565613964653761663039333031363639613534386566343832
63396162643661636331633066386232633163343931353961623131383437343136313261393537
32326239353163363363643438303764333434373864336431303936323139373363303638643132
62323463663139393565383866373762356236386438326630333961643830376438646332376466
38623236623732656239353836326134326130306165636232363934663730366663613162323338
39323038383637396336333965306332303132313831643163346465306333626261653536643736
31373966353936363034326138343431646434663235313464666539623439396431336661343462
37616435343135656638303165393265373437363537393533303562346561633038653162363237
39383838666438356466613364616531313534373231376330323033333432643335
